server1:    991.9230261041907
server2:    990.8407186997301server3:    977.4444172679467server4:    967.653166214573